1554955668.882
1554955668.928
1554955668.962
1554955668.992
1554955669.41
1554955669.41
1554955669.81
1554955669.112
1554955669.144
1554955669.195
1554955669.222
1554955669.253
1554955669.285
1554955669.316
1554955669.349
1554955669.398
1554955669.426
1554955669.458
1554955669.490
1554955669.520
1554955669.551
1554955669.602
1554955669.602
1554955669.643
1554955669.677
1554955669.709
1554955669.741
1554955669.772
1554955669.800
1554955669.833
1554955669.900
1554955669.900
1554955669.962
1554955669.989
1554955670.22
1554955670.69
1554955670.69
1554955670.111
1554955670.143
1554955670.174
1554955670.205
1554955670.238
1554955670.268
1554955670.300
1554955670.333
1554955670.397
1554955670.441
1554955670.441
1554955670.486
1554955670.520
1554955670.566
1554955670.596
1554955670.626
1554955670.657
1554955670.688
1554955670.720
1554955670.751
1554955670.783
1554955670.813
1554955670.848
1554955670.877
1554955670.911
1554955670.954
1554955670.987
1554955671.18
1554955671.50
1554955671.81
1554955671.112
1554955671.141
1554955671.174
1554955671.222
1554955671.255
1554955671.285
1554955671.318
1554955671.350
1554955671.377
1554955671.407
1554955671.438
1554955671.468
1554955671.501
1554955671.549
1554955671.578
1554955671.610
1554955671.640
1554955671.693
1554955671.725
1554955671.767
1554955671.767
1554955671.813
1554955671.845
1554955671.893
1554955671.925
1554955671.957
1554955672.0
1554955672.0
1554955672.49
1554955672.80
1554955672.111
1554955672.158
1554955672.187
1554955672.220
1554955672.269
1554955672.269
1554955672.312
1554955672.343
1554955672.376
1554955672.410
1554955672.442
1554955672.471
1554955672.502
1554955672.533
1554955672.595
1554955672.626
1554955672.672
1554955672.672
1554955672.717
1554955672.749
1554955672.780
1554955672.811
1554955672.842
1554955672.877
1554955672.909
1554955672.941
1554955672.983
1554955673.13
1554955673.67
1554955673.67
1554955673.107
1554955673.141
1554955673.171
1554955673.202
1554955673.236
1554955673.299
1554955673.329
1554955673.357
1554955673.388
1554955673.420
1554955673.451
1554955673.483
1554955673.513
1554955673.546
1554955673.580
1554955673.611
1554955673.639
1554955673.671
1554955673.701
1554955673.763
1554955673.794
1554955673.825
1554955673.856
1554955673.890
1554955673.922
1554955673.953
1554955673.987
1554955674.28
1554955674.59
1554955674.92
1554955674.124
1554955674.157
1554955674.188
1554955674.219
1554955674.249
1554955674.298
1554955674.329
1554955674.359
1554955674.391
1554955674.420
1554955674.450
1554955674.480
1554955674.512
1554955674.543
1554955674.574
1554955674.605
1554955674.637
1554955674.668
1554955674.708
1554955674.744
1554955674.777
1554955674.808
1554955674.841
1554955674.873
1554955674.909
1554955674.948
1554955674.982
1554955675.27
1554955675.57
1554955675.88
1554955675.120
1554955675.155
1554955675.201
1554955675.201
1554955675.244
1554955675.276
1554955675.309
1554955675.339
1554955675.371
1554955675.405
1554955675.434
1554955675.501
1554955675.501
1554955675.541
1554955675.575
1554955675.606
1554955675.639
1554955675.670
1554955675.701
1554955675.760
1554955675.790
1554955675.822
1554955675.853
1554955675.885
1554955675.916
1554955675.968
1554955675.968
1554955676.11
1554955676.44
1554955676.75
1554955676.103
1554955676.138
1554955676.180
1554955676.213
1554955676.245
1554955676.277
1554955676.309
1554955676.337
1554955676.369
1554955676.404
1554955676.438
1554955676.479
1554955676.524
1554955676.556
1554955676.586
1554955676.619
1554955676.668
1554955676.668
1554955676.715
1554955676.747
1554955676.776
1554955676.807
1554955676.837
1554955676.868
1554955676.931
1554955676.962
1554955676.994
1554955677.43
1554955677.43
1554955677.87
1554955677.117
1554955677.148
1554955677.184
1554955677.213
1554955677.247
1554955677.289
1554955677.324
1554955677.366
1554955677.398
1554955677.429
1554955677.463
1554955677.496
1554955677.539
1554955677.539
1554955677.588
1554955677.621
1554955677.650
1554955677.697
1554955677.727
1554955677.760
1554955677.791
1554955677.818
1554955677.851
1554955677.882
1554955677.912
1554955677.943
1554955677.976
1554955678.23
1554955678.52
1554955678.84
1554955678.116
1554955678.163
1554955678.198
1554955678.262
1554955678.262
1554955678.340
1554955678.340
1554955678.340
1554955678.400
1554955678.400
1554955678.460
1554955678.494
1554955678.539
1554955678.539
1554955678.584
1554955678.617
1554955678.664
1554955678.698
1554955678.744
1554955678.744
1554955678.785
1554955678.816
1554955678.867
1554955678.867
1554955678.910
1554955678.943
1554955678.976
1554955679.7
